<?xml version="1.0" encoding="UTF-8"?>
<document version="1.3.0">
  <chunk label="Chunk 1" enabled="1">
    <sensors next_id="1">
      <sensor id="0" label="ONEPLUS A3003 (4.26 mm)" type="frame">
        <resolution width="2610" height="4640"/>
        <property name="pixel_width" value="0.00123649265703063"/>
        <property name="pixel_height" value="0.00123649265703063"/>
        <property name="focal_length" value="4.26"/>
        <property name="fixed" value="0"/>
        <property name="layer_index" value="0"/>
        <bands>
          <band label="Red"/>
          <band label="Green"/>
          <band label="Blue"/>
        </bands>
        <calibration type="frame" class="adjusted">
          <resolution width="2610" height="4640"/>
          <fx>3652.95472205489</fx>
          <fy>3637.43423757658</fy>
          <cx>1342.06820043644</cx>
          <cy>2338.36322301888</cy>
          <skew>-1.50152271412421</skew>
          <k1>0.0870861058344054</k1>
          <k2>-0.482550155599703</k2>
          <k3>0.841621024591857</k3>
          <p1>0.000790677741112583</p1>
          <p2>-0.000981565229370178</p2>
        </calibration>
        <covariance>
          <params>f cx cy b1 b2 k1 k2 k3 p1 p2</params>
          <coeffs>3.4226904260189933e-01 5.0122543268543551e-03 7.1747751899050902e-02 -1.9158411993362742e-01 -1.0344787794966216e-02 6.0514515476730669e-06 -7.2168200853932189e-06 2.4226016866498419e-04 2.6419557624047010e-07 -3.7623135687766679e-06 5.0122543268536195e-03 4.0845887387773711e-01 2.1397032474460134e-02 -6.4080733862713572e-03 3.9968784513863258e-02 6.7996533043398240e-06 -4.6314737904451718e-05 8.6488898388323751e-05 3.0085673290372461e-05 1.8551454566734003e-06 7.1747751899048945e-02 2.1397032474460207e-02 3.7761949836663650e-01 -1.2527530464744863e-01 -4.1395992721713114e-03 2.2153866449659033e-05 -2.6173312007910453e-04 6.6716603659668333e-04 1.6044238487749894e-06 2.2426808822645695e-05 -1.9158411993362703e-01 -6.4080733862709773e-03 -1.2527530464745018e-01 2.6557063875019082e-01 1.0350385507936221e-02 -2.5059952213145076e-05 1.3849402892329425e-04 -3.4893257747226487e-04 -1.0999966797162421e-06 4.2366228996962242e-06 -1.0344787794966261e-02 3.9968784513862932e-02 -4.1395992721715820e-03 1.0350385507936285e-02 2.2199799910517730e-02 -2.5253867730712742e-06 9.6949792843009323e-06 -1.9121042305820013e-05 2.0436038962909668e-06 6.2156571790344349e-07 6.0514515476730804e-06 6.7996533043394971e-06 2.2153866449657989e-05 -2.5059952213145103e-05 -2.5253867730712734e-06 2.2392677088261045e-07 -1.1732814185057255e-06 1.7915238301403120e-06 8.2614212943781536e-10 8.2060830463879351e-10 -7.2168200853927116e-06 -4.6314737904451739e-05 -2.6173312007910106e-04 1.3849402892329425e-04 9.6949792843008239e-06 -1.1732814185057252e-06 6.7101659728226887e-06 -1.0750741564924478e-05 -4.0103700340392255e-09 -1.5492906409468523e-08 2.4226016866498335e-04 8.6488898388322586e-05 6.6716603659667704e-04 -3.4893257747226476e-04 -1.9121042305819870e-05 1.7915238301403127e-06 -1.0750741564924473e-05 1.8056810607627034e-05 6.5715971334445167e-09 3.8331465570527506e-08 2.6419557624050176e-07 3.0085673290372501e-05 1.6044238487749966e-06 -1.0999966797162212e-06 2.0436038962909808e-06 8.2614212943776687e-10 -4.0103700340389054e-09 6.5715971334441404e-09 2.6858466018640229e-09 8.5526206650079972e-11 -3.7623135687767420e-06 1.8551454566734149e-06 2.2426808822645712e-05 4.2366228996962962e-06 6.2156571790345757e-07 8.2060830463879765e-10 -1.5492906409468427e-08 3.8331465570527472e-08 8.5526206650077271e-11 2.5468690292253130e-09</coeffs>
        </covariance>
      </sensor>
    </sensors>
    <cameras next_id="121" next_group_id="0">
      <camera id="0" label="IMG_20170325_151131.jpg" sensor_id="0" enabled="1">
        <transform>8.5936850954004340e-01 2.1470099618885119e-01 -4.6410047085349876e-01 5.9300356063893718e+00 -2.2810421083098087e-01 9.7323805799066243e-01 2.7859495324562500e-02 -2.1338635490023239e-01 4.5766170236551335e-01 8.1921698676716906e-02 8.8534434062336531e-01 -7.4130694528232066e-02 0.0000000000000000e+00 0.0000000000000000e+00 0.0000000000000000e+00 1.0000000000000000e+00</transform>
      </camera>
      <camera id="1" label="IMG_20170325_151133.jpg" sensor_id="0" enabled="1">
        <transform>9.2786385953234585e-01 1.7229527404014183e-01 -3.3073100356206625e-01 4.4955609079759844e+00 -1.8455553812293790e-01 9.8280512359031325e-01 -5.7742872098511602e-03 1.2965118221855743e-01 3.2404924243375705e-01 6.6395990752917217e-02 9.4370740215918969e-01 -7.5844226413618065e-01 0.0000000000000000e+00 0.0000000000000000e+00 0.0000000000000000e+00 1.0000000000000000e+00</transform>
      </camera>
      <camera id="2" label="IMG_20170325_151137.jpg" sensor_id="0" enabled="1">
        <transform>9.9691625572859111e-01 7.2722343095872555e-02 -2.9486265934034864e-02 7.0105010346266461e-01 -7.3218066782056251e-02 9.9718607844706020e-01 -1.6094708697952546e-02 3.4558295643160758e-01 2.8232848966846736e-02 1.8204004120516874e-02 9.9943560096346151e-01 -8.1517064741261513e-01 0.0000000000000000e+00 0.0000000000000000e+00 0.0000000000000000e+00 1.0000000000000000e+00</transform>
      </camera>
      <camera id="3" label="IMG_20170325_151139.jpg" sensor_id="0" enabled="1">
        <transform>9.9984271137458258e-01 1.6999520337261056e-02 5.0565620164425180e-03 5.2106930119125643e-02 -1.6961001035540497e-02 9.9982752934876629e-01 -7.5654477867614367e-03 9.6120138341249578e-02 -5.1842988914100763e-03 7.4784934742812333e-03 9.9995859673306453e-01 1.1790884476196570e-01 0.0000000000000000e+00 0.0000000000000000e+00 0.0000000000000000e+00 1.0000000000000000e+00</transform>
      </camera>
      <camera id="4" label="IMG_20170325_151140.jpg" sensor_id="0" enabled="1">
        <transform>9.8769936147077519e-01 -2.5521662962563026e-02 1.5426800079682179e-01 -1.0149888723743998e+00 2.5891804779071829e-02 9.9966467482565835e-01 -3.9032165337969443e-04 -6.7000707977776339e-02 -1.5420630919487471e-01 4.3797974081003499e-03 9.8802896292525688e-01 2.5895072536877467e-01 0.0000000000000000e+00 0.0000000000000000e+00 0.0000000000000000e+00 1.0000000000000000e+00</transform>
      </camera>
      <camera id="5" label="IMG_20170325_151145.jpg" sensor_id="0" enabled="1">
        <transform>8.2029969718565510e-01 -1.6819988921893417e-01 5.4664175111663471e-01 -4.4930943970764812e+00 1.7540407763782037e-01 9.8370505806878583e-01 3.9468573294611703e-02 -6.5871738593275275e-01 -5.4437286518079497e-01 6.3507133431016438e-02 8.3643590768105303e-01 1.6257968588375302e+00 0.0000000000000000e+00 0.0000000000000000e+00 0.0000000000000000e+00 1.0000000000000000e+00</transform>
      </camera>
      <camera id="6" label="IMG_20170325_151146.jpg" sensor_id="0" enabled="1">
        <transform>8.0293042431126149e-01 -1.8454478021809670e-01 5.6678563655900105e-01 -4.9629440538420573e+00 1.7267156991494678e-01 9.8210768664108983e-01 7.5159967958977975e-02 -8.1224572663148153e-01 -5.7051491011054678e-01 3.7519540705362134e-02 8.2042977847394927e-01 2.2638615187905251e+00 0.0000000000000000e+00 0.0000000000000000e+00 0.0000000000000000e+00 1.0000000000000000e+00</transform>
      </camera>
      <camera id="7" label="IMG_20170325_151148.jpg" sensor_id="0" enabled="1">
        <transform>5.9346354812205404e-01 -2.8703283348105385e-01 7.5193960499113244e-01 -6.8276698872227826e+00 2.7717753484041802e-01 9.4998615341722104e-01 1.4387120106310816e-01 -1.4401796323175733e+00 -7.5562797144505667e-01 1.2303845260482618e-01 6.4334120647634463e-01 3.6514520364270910e+00 0.0000000000000000e+00 0.0000000000000000e+00 0.0000000000000000e+00 1.0000000000000000e+00</transform>
      </camera>
      <camera id="8" label="IMG_20170325_151149.jpg" sensor_id="0" enabled="1">
        <transform>5.5141326402197177e-01 -3.0045075297113871e-01 7.7824980391883880e-01 -7.0967990078901035e+00 2.9477721090132775e-01 9.4288617504399297e-01 1.5515172201475125e-01 -1.7367110594049548e+00 -7.8041643254987236e-01 1.4385758912891689e-01 6.0848597835623652e-01 4.1794790074716115e+00 0.0000000000000000e+00 0.0000000000000000e+00 0.0000000000000000e+00 1.0000000000000000e+00</transform>
      </camera>
      <camera id="9" label="IMG_20170325_151151.jpg" sensor_id="0" enabled="1">
        <transform>3.7217697060591892e-01 -3.3861937704946871e-01 8.6418818554596699e-01 -8.3050389426098175e+00 3.3908294545791690e-01 9.1632256211829854e-01 2.1301576996208557e-01 -2.3806199717691601e+00 -8.6400639965811843e-01 2.1375191142908298e-01 4.5585421102610113e-01 5.5935538693881925e+00 0.0000000000000000e+00 0.0000000000000000e+00 0.0000000000000000e+00 1.0000000000000000e+00</transform>
      </camera>
      <camera id="10" label="IMG_20170325_151153.jpg" sensor_id="0" enabled="1">
        <transform>3.1031493350935441e-01 -3.6541953079318401e-01 8.7759512792401839e-01 -8.1335532714294736e+00 3.4708772465084203e-01 9.0298815163393042e-01 2.5326371513787571e-01 -2.7672667184261059e+00 -8.8500551039967323e-01 2.2601098319247018e-01 4.0704334172000245e-01 6.6795801637651877e+00 0.0000000000000000e+00 0.0000000000000000e+00 0.0000000000000000e+00 1.0000000000000000e+00</transform>
      </camera>
      <camera id="11" label="IMG_20170325_151154.jpg" sensor_id="0" enabled="1">
        <transform>1.5583212788648229e-01 -4.0385948751798667e-01 9.0145097607140012e-01 -8.1934864411113733e+00 4.0181953817121591e-01 8.5959761339133001e-01 3.1564695752660155e-01 -3.1492796212238798e+00 -9.0236212612356559e-01 3.1303267783673738e-01 2.9623155798145406e-01 7.4999094271388751e+00 0.0000000000000000e+00 0.0000000000000000e+00 0.0000000000000000e+00 1.0000000000000000e+00</transform>
      </camera>
      <camera id="12" label="IMG_20170325_151202.jpg" sensor_id="0" enabled="1">
        <transform>-4.8868350144527745e-01 -3.4966361892919801e-01 7.9932708512380590e-01 -8.5522135359397744e+00 3.6227450075587403e-01 7.5213337293685223e-01 5.5050211209105815e-01 -5.6201644989857087e+00 -7.9369113735587704e-01 5.5859712039355369e-01 -2.4088095726056027e-01 1.3067571602886780e+01 0.0000000000000000e+00 0.0000000000000000e+00 0.0000000000000000e+00 1.0000000000000000e+00</transform>
      </camera>
      <camera id="13" label="IMG_20170325_151205.jpg" sensor_id="0" enabled="1">
        <transform>-6.3567504442227207e-01 -3.4008467639253825e-01 6.9300768450409334e-01 -6.9487241528806090e+00 3.1261538979059444e-01 7.0741345575890124e-01 6.3390679178986853e-01 -6.2700092485954029e+00 -7.0582494711140464e-01 6.1960359544972909e-01 -3.4336937624219110e-01 1.4607663922246736e+01 0.0000000000000000e+00 0.0000000000000000e+00 0.0000000000000000e+00 1.0000000000000000e+00</transform>
      </camera>
      <camera id="14" label="IMG_20170325_151206.jpg" sensor_id="0" enabled="1">
        <transform>-7.6230613779851530e-01 -2.6156554568800378e-01 5.9200744723664400e-01 -6.8486290030388135e+00 2.5454665874209031e-01 7.1981920515259545e-01 6.4580671289227376e-01 -7.1140598062421594e+00 -5.9505911538094158e-01 6.4299593871378602e-01 -4.8214196249613916e-01 1.6184306798584267e+01 0.0000000000000000e+00 0.0000000000000000e+00 0.0000000000000000e+00 1.0000000000000000e+00</transform>
      </camera>
      <camera id="15" label="IMG_20170325_151208.jpg" sensor_id="0" enabled="1">
        <transform>-8.4959665513595695e-01 -2.3013824032558408e-01 4.7457550918861968e-01 -5.4171503745872975e+00 2.0090068654836099e-01 6.9074898605018109e-01 6.9462562032726982e-01 -7.4559782595153452e+00 -4.8767246972347245e-01 6.8549414921681939e-01 -5.4062309760434579e-01 1.6382504201933195e+01 0.0000000000000000e+00 0.0000000000000000e+00 0.0000000000000000e+00 1.0000000000000000e+00</transform>
      </camera>
      <camera id="16" label="IMG_20170325_151210.jpg" sensor_id="0" enabled="1">
        <transform>-8.9580885286948353e-01 -2.0801937332459278e-01 3.9275238948006891e-01 -4.9569730191982790e+00 1.5000059477551711e-01 6.9034037393929926e-01 7.0776407769562599e-01 -7.8469387308333012e+00 -4.1836147132312645e-01 6.9293441856426252e-01 -5.8720998874453434e-01 1.7372420814022501e+01 0.0000000000000000e+00 0.0000000000000000e+00 0.0000000000000000e+00 1.0000000000000000e+00</transform>
      </camera>
      <camera id="17" label="IMG_20170325_151211.jpg" sensor_id="0" enabled="1">
        <transform>-9.1489677692440563e-01 -1.7067174793629022e-01 3.6583471955202090e-01 -3.1752956544765509e+00 1.7454981048506182e-01 6.4988956070516468e-01 7.3971340568227995e-01 -7.9079364879439371e+00 -3.6400034510006080e-01 7.4061779167315434e-01 -5.6479114318853929e-01 1.7280718828307261e+01 0.0000000000000000e+00 0.0000000000000000e+00 0.0000000000000000e+00 1.0000000000000000e+00</transform>
      </camera>
      <camera id="18" label="IMG_20170325_151212.jpg" sensor_id="0" enabled="1">
        <transform>-9.7825936078985165e-01 -9.4291733005418418e-02 1.8470975099833159e-01 -2.1558108974598271e+00 7.6236251444755584e-02 6.6479131399513258e-01 7.4312888707294722e-01 -8.2265870898053368e+00 -1.9286434868239066e-01 7.4105436907386213e-01 -6.4314987762096121e-01 1.8127760527935955e+01 0.0000000000000000e+00 0.0000000000000000e+00 0.0000000000000000e+00 1.0000000000000000e+00</transform>
      </camera>
      <camera id="19" label="IMG_20170325_151214.jpg" sensor_id="0" enabled="1">
        <transform>-9.9266361704041950e-01 -6.9424872590063774e-02 9.8990557479412725e-02 -1.5987907486372073e+00 2.7127910667987063e-02 6.6996286356843371e-01 7.4189880570194666e-01 -8.4775046436351538e+00 -1.1782622741572106e-01 7.3914135894633737e-01 -6.6316440769083851e-01 1.8685425472936075e+01 0.0000000000000000e+00 0.0000000000000000e+00 0.0000000000000000e+00 1.0000000000000000e+00</transform>
      </camera>
      <camera id="20" label="IMG_20170325_151215.jpg" sensor_id="0" enabled="1">
        <transform>-9.9848720487166887e-01 -4.7537707560722092e-04 5.4982503800736389e-02 -3.9527758791504758e-01 4.2928555613005966e-02 6.1809491335791000e-01 7.8493045373081161e-01 -8.2216383328830158e+00 -3.4357543866566746e-02 7.8610333423648104e-01 -6.1713945513290924e-01 1.8077538138505155e+01 0.0000000000000000e+00 0.0000000000000000e+00 0.0000000000000000e+00 1.0000000000000000e+00</transform>
      </camera>
      <camera id="21" label="IMG_20170325_151217.jpg" sensor_id="0" enabled="1">
        <transform>-9.8719181284309976e-01 5.1765494278034917e-02 -1.5090612399006534e-01 1.1422823540912634e+00 -8.3766394665023530e-02 6.3683687019703783e-01 7.6643459726350027e-01 -8.4723237871167001e+00 1.3577744945453110e-01 7.6925882143774671e-01 -6.2434393555141621e-01 1.8855807474374704e+01 0.0000000000000000e+00 0.0000000000000000e+00 0.0000000000000000e+00 1.0000000000000000e+00</transform>
      </camera>
      <camera id="22" label="IMG_20170325_151219.jpg" sensor_id="0" enabled="1">
        <transform>-9.8533584466035518e-01 2.4452595070284688e-02 -1.6886486852448918e-01 2.0324239164468749e+00 -1.1281283294047334e-01 6.4912875267719605e-01 7.5226665961724870e-01 -8.5837061098224297e+00 1.2800991348879653e-01 7.6028542866615378e-01 -6.3685126128988223e-01 1.8927893929776630e+01 0.0000000000000000e+00 0.0000000000000000e+00 0.0000000000000000e+00 1.0000000000000000e+00</transform>
      </camera>
      <camera id="23" label="IMG_20170325_151221.jpg" sensor_id="0" enabled="1">
        <transform>-9.1543755825240924e-01 1.1417551056450648e-01 -3.8592490166896609e-01 3.7234398243886559e+00 -2.1802943220139859e-01 6.6531841190976826e-01 7.1401300931271450e-01 -8.0408654884774666e+00 3.3828574258280908e-01 7.3777731298895144e-01 -5.8416384071936533e-01 1.8171519004319567e+01 0.0000000000000000e+00 0.0000000000000000e+00 0.0000000000000000e+00 1.0000000000000000e+00</transform>
      </camera>
      <camera id="24" label="IMG_20170325_151223.jpg" sensor_id="0" enabled="1">
        <transform>-9.2129429360987025e-01 1.1581633330475839e-01 -3.7121880542576408e-01 4.6638781362654660e+00 -2.1679088256558232e-01 6.3953461037246673e-01 7.3756165530223505e-01 -7.5842790456784837e+00 3.2282896059419158e-01 7.5998819666859174e-01 -5.6409166198951710e-01 1.7279110233792839e+01 0.0000000000000000e+00 0.0000000000000000e+00 0.0000000000000000e+00 1.0000000000000000e+00</transform>
      </camera>
      <camera id="25" label="IMG_20170325_151225.jpg" sensor_id="0" enabled="1">
        <transform>-8.3833356450166285e-01 1.9668422866858540e-01 -5.0844090002966891e-01 6.1936817358044198e+00 -2.5815582695094869e-01 6.7822323362468206e-01 6.8801803347219870e-01 -7.3451836613498962e+00 4.8015872754872219e-01 7.0804559144501644e-01 -5.1780212127227565e-01 1.6962101941916792e+01 0.0000000000000000e+00 0.0000000000000000e+00 0.0000000000000000e+00 1.0000000000000000e+00</transform>
      </camera>
      <camera id="26" label="IMG_20170325_151226.jpg" sensor_id="0" enabled="1">
        <transform>-7.8548514444417394e-01 2.0994808565107345e-01 -5.8218114808791677e-01 6.7478822011230593e+00 -2.9676734485306944e-01 6.9771534448116990e-01 6.5201414179784667e-01 -7.2758283265124213e+00 5.4308584117648906e-01 6.8491977589128838e-01 -4.8573930220505412e-01 1.6568450565389359e+01 0.0000000000000000e+00 0.0000000000000000e+00 0.0000000000000000e+00 1.0000000000000000e+00</transform>
      </camera>
      <camera id="27" label="IMG_20170325_151230.jpg" sensor_id="0" enabled="1">
        <transform>-6.4572236719043818e-01 2.6235793653308859e-01 -7.1708502818569342e-01 8.0528263508159572e+00 -3.5201230706886089e-01 7.3108896669043966e-01 5.8446236701396193e-01 -6.8840074190401825e+00 6.7759129287649122e-01 6.2982317829816714e-01 -3.7972727568132386e-01 1.5600193748813512e+01 0.0000000000000000e+00 0.0000000000000000e+00 0.0000000000000000e+00 1.0000000000000000e+00</transform>
      </camera>
      <camera id="28" label="IMG_20170325_151234.jpg" sensor_id="0" enabled="1">
        <transform>-5.2885483082692009e-01 2.6070183464411301e-01 -8.0768008600201546e-01 9.6275695340778711e+00 -3.9175827512405859e-01 7.6921932295435302e-01 5.0480400856715546e-01 -6.4796521412195895e+00 7.5288646008734417e-01 5.8338339589573507e-01 -3.0467325384796717e-01 1.4302286376793260e+01 0.0000000000000000e+00 0.0000000000000000e+00 0.0000000000000000e+00 1.0000000000000000e+00</transform>
      </camera>
      <camera id="29" label="IMG_20170325_151236.jpg" sensor_id="0" enabled="1">
        <transform>-4.4494032746233519e-01 3.1863403607186247e-01 -8.3695905279425997e-01 9.8850013325903188e+00 -3.9330558621518552e-01 7.7009155137694330e-01 5.0226458998199486e-01 -5.7691919722965688e+00 8.0457368888725111e-01 5.5265844203667713e-01 -2.1732424070028059e-01 1.2839222104333153e+01 0.0000000000000000e+00 0.0000000000000000e+00 0.0000000000000000e+00 1.0000000000000000e+00</transform>
      </camera>
      <camera id="30" label="IMG_20170325_151244.jpg" sensor_id="0" enabled="1">
        <transform>1.2488370971662525e-02 3.6899964097100785e-01 -9.2934563298793293e-01 1.1749031044087435e+01 -4.5159046795256869e-01 8.3131516380132542e-01 3.2400794386612797e-01 -4.2001703846292511e+00 8.9213793207376535e-01 4.1563729788993087e-01 1.7701849270034661e-01 8.7652564728550626e+00 0.0000000000000000e+00 0.0000000000000000e+00 0.0000000000000000e+00 1.0000000000000000e+00</transform>
      </camera>
      <camera id="31" label="IMG_20170325_151247.jpg" sensor_id="0" enabled="1">
        <transform>3.3265995690718786e-01 3.6931156702722323e-01 -8.6772479481135312e-01 1.1108539724535797e+01 -4.2592168832954291e-01 8.7977522832416855e-01 2.1115459511379181e-01 -2.9938511333810234e+00 8.4138461388417363e-01 2.9934013110014907e-01 4.4996379569019324e-01 5.9045649487881668e+00 0.0000000000000000e+00 0.0000000000000000e+00 0.0000000000000000e+00 1.0000000000000000e+00</transform>
      </camera>
      <camera id="32" label="IMG_20170325_151249.jpg" sensor_id="0" enabled="1">
        <transform>4.0512606216213637e-01 3.5765278145151219e-01 -8.4140202143624421e-01 1.0240289806231823e+01 -3.9564352088055604e-01 8.9825521671326658e-01 1.9132111758151488e-01 -2.7449122073507799e+00 8.2422028496163458e-01 2.5538608726279455e-01 5.0540960446984229e-01 5.3392879504401423e+00 0.0000000000000000e+00 0.0000000000000000e+00 0.0000000000000000e+00 1.0000000000000000e+00</transform>
      </camera>
      <camera id="33" label="IMG_20170325_151251.jpg" sensor_id="0" enabled="1">
        <transform>4.8529468707806400e-01 3.4103556407891744e-01 -8.0509863416054728e-01 1.0013369617302667e+01 -3.8293920230345257e-01 9.1068790710415048e-01 1.5493580345890978e-01 -2.4321897371881662e+00 7.8603220928470829e-01 2.3311430648425913e-01 5.7254788976937432e-01 4.7003735055583071e+00 0.0000000000000000e+00 0.0000000000000000e+00 0.0000000000000000e+00 1.0000000000000000e+00</transform>
      </camera>
      <camera id="34" label="IMG_20170325_151252.jpg" sensor_id="0" enabled="1">
        <transform>5.7768022098140126e-01 3.1765618908363435e-01 -7.5191762037057064e-01 9.8108881903165610e+00 -3.6641487402998318e-01 9.2406007763262321e-01 1.0887200289873335e-01 -1.9806595770468955e+00 7.2940092019168090e-01 2.1262059745577933e-01 6.5020518235482905e-01 3.6226814081471455e+00 0.0000000000000000e+00 0.0000000000000000e+00 0.0000000000000000e+00 1.0000000000000000e+00</transform>
      </camera>
      <camera id="35" label="IMG_20170325_151254.jpg" sensor_id="0" enabled="1">
        <transform>6.2480353790923260e-01 2.9066645034312449e-01 -7.2466099223087344e-01 9.3947211037974494e+00 -3.4497010083167706e-01 9.3538737316846743e-01 7.7756618041018521e-02 -2.5350864204410586e+00 7.0043998211716085e-01 2.0140376551078237e-01 6.8470457475453539e-01 2.7123608078137686e+00 0.0000000000000000e+00 0.0000000000000000e+00 0.0000000000000000e+00 1.0000000000000000e+00</transform>
      </camera>
      <camera id="36" label="IMG_20170325_151256.jpg" sensor_id="0" enabled="1">
        <transform>8.0221278373633076e-01 2.2285978905740936e-01 -5.5388461256049903e-01 6.5927143055861306e+00 -2.6139770953723984e-01 9.6518187911044495e-01 9.7559051612532838e-03 -1.5693107235456818e+00 5.3677359012780412e-01 1.3695785723395926e-01 8.3253628046061190e-01 1.1915816661526908e+00 0.0000000000000000e+00 0.0000000000000000e+00 0.0000000000000000e+00 1.0000000000000000e+00</transform>
      </camera>
      <camera id="37" label="IMG_20170325_151257.jpg" sensor_id="0" enabled="1">
        <transform>9.1270515429350019e-01 1.6798884037364273e-01 -3.7249033656726838e-01 4.5356030442066704e+00 -1.8968868733712738e-01 9.8159549035560534e-01 -2.2101927740727466e-02 -1.4101980614883034e+00 3.6192195736428545e-01 9.0829746357994373e-02 9.2777284609657917e-01 9.6142921583992413e-01 0.0000000000000000e+00 0.0000000000000000e+00 0.0000000000000000e+00 1.0000000000000000e+00</transform>
      </camera>
      <camera id="38" label="IMG_20170325_151258.jpg" sensor_id="0" enabled="1">
        <transform>9.7083602151097070e-01 1.2000257918129982e-01 -2.0754951295193594e-01 2.9889329181329636e+00 -1.3296466506685622e-01 9.8987780404495129e-01 -4.9621879275211875e-02 -9.6194717753556780e-01 1.9949390261461300e-01 7.5771459329887672e-02 9.7696513180901723e-01 2.1613775100105689e-01 0.0000000000000000e+00 0.0000000000000000e+00 0.0000000000000000e+00 1.0000000000000000e+00</transform>
      </camera>
      <camera id="39" label="IMG_20170325_151300.jpg" sensor_id="0" enabled="1">
        <transform>9.9912479052485870e-01 1.3129851243123953e-02 3.9714732341925255e-02 5.6861124220803949e-01 -1.1156415811958326e-02 9.9871131308823202e-01 -4.9510074690008017e-02 -1.1677963950214987e+00 -4.0313612401867607e-02 4.9023668935657218e-02 9.9798371356410376e-01 7.3061971107538903e-01 0.0000000000000000e+00 0.0000000000000000e+00 0.0000000000000000e+00 1.0000000000000000e+00</transform>
      </camera>
      <camera id="40" label="IMG_20170325_151302.jpg" sensor_id="0" enabled="1">
        <transform>9.7464063276216606e-01 -4.4582210956220260e-02 2.1928990728079473e-01 -1.1943348802416058e+00 5.7373503729426477e-02 9.9698145112222392e-01 -5.2309341307591267e-02 -1.0513079150246012e+00 -2.1629590388810871e-01 6.3564239824603130e-02 9.7425647002046967e-01 7.2489953208453151e-01 0.0000000000000000e+00 0.0000000000000000e+00 0.0000000000000000e+00 1.0000000000000000e+00</transform>
      </camera>
      <camera id="41" label="IMG_20170325_151303.jpg" sensor_id="0" enabled="1">
        <transform>8.8293948574223768e-01 -1.3125104262167875e-01 4.5076715533405382e-01 -3.0813598105273581e+00 1.5955914005525856e-01 9.8686699488961471e-01 -2.5187600567891419e-02 -1.6814311045667458e+00 -4.4154132914378369e-01 9.4163146762751726e-02 8.9228614045589505e-01 1.8941916503593150e+00 0.0000000000000000e+00 0.0000000000000000e+00 0.0000000000000000e+00 1.0000000000000000e+00</transform>
      </camera>
      <camera id="42" label="IMG_20170325_151304.jpg" sensor_id="0" enabled="1">
        <transform>7.6602335443875846e-01 -1.8504685929834164e-01 6.1560204703867916e-01 -4.1615781810617456e+00 2.1235307866306519e-01 9.7675167881814773e-01 2.9365420280459562e-02 -2.0501318290895361e+00 -6.0672431172379304e-01 1.0823039217220699e-01 7.8750986773090015e-01 2.7371603282794350e+00 0.0000000000000000e+00 0.0000000000000000e+00 0.0000000000000000e+00 1.0000000000000000e+00</transform>
      </camera>
      <camera id="43" label="IMG_20170325_151305.jpg" sensor_id="0" enabled="1">
        <transform>6.9222249451465123e-01 -2.4402307955137875e-01 6.7917652693108821e-01 -4.0245199154514815e+00 2.6707017972584374e-01 9.6090469974278925e-01 7.3045719336767137e-02 -2.4674768645909335e+00 -6.7044875806367121e-01 1.3082390706014596e-01 7.3033113595984611e-01 4.0374678461219391e+00 0.0000000000000000e+00 0.0000000000000000e+00 0.0000000000000000e+00 1.0000000000000000e+00</transform>
      </camera>
      <camera id="44" label="IMG_20170325_151306.jpg" sensor_id="0" enabled="1">
        <transform>4.3252748818950232e-01 -3.0662744311605750e-01 8.4787946259394009e-01 -5.4499498557624086e+00 3.4395461330987587e-01 9.2539243281788841e-01 1.5919820748439212e-01 -3.0068737310890645e+00 -8.3343577793572887e-01 2.2277445188238870e-01 5.0572358818347363e-01 5.1271740400090575e+00 0.0000000000000000e+00 0.0000000000000000e+00 0.0000000000000000e+00 1.0000000000000000e+00</transform>
      </camera>
      <camera id="45" label="IMG_20170325_151308.jpg" sensor_id="0" enabled="1">
        <transform>2.7097408629210867e-01 -3.4690159721966052e-01 8.9790440827774376e-01 -5.3104460379604452e+00 3.9877385532685561e-01 8.8944954094082351e-01 2.2329112483015179e-01 -3.5197737391323578e+00 -8.7610071159993519e-01 2.9755469407590740e-01 3.7935306400170321e-01 6.1905469798228774e+00 0.0000000000000000e+00 0.0000000000000000e+00 0.0000000000000000e+00 1.0000000000000000e+00</transform>
      </camera>
      <camera id="46" label="IMG_20170325_151309.jpg" sensor_id="0" enabled="1">
        <transform>-2.4671719860617648e-02 -3.5985400829992731e-01 9.3268236766307244e-01 -6.0381686580515685e+00 3.9059932428897570e-01 8.5533521883262476e-01 3.4034369582752821e-01 -4.1428898192662853e+00 -9.2023012018957218e-01 3.7270196690522217e-01 1.1945614157867242e-01 7.7633000893850506e+00 0.0000000000000000e+00 0.0000000000000000e+00 0.0000000000000000e+00 1.0000000000000000e+00</transform>
      </camera>
      <camera id="47" label="IMG_20170325_151311.jpg" sensor_id="0" enabled="1">
        <transform>-1.9457462526159541e-01 -3.7707547505079009e-01 9.0551355667352129e-01 -5.7987034874981722e+00 3.7855788208410501e-01 8.2276946104411830e-01 4.2396266803241922e-01 -4.6235745286342764e+00 -9.0489482544454103e-01 4.2528167147008755e-01 -1.7345166338259332e-02 8.9763946882344463e+00 0.0000000000000000e+00 0.0000000000000000e+00 0.0000000000000000e+00 1.0000000000000000e+00</transform>
      </camera>
      <camera id="48" label="IMG_20170325_151312.jpg" sensor_id="0" enabled="1">
        <transform>-4.4409516220922451e-01 -3.5333941043481853e-01 8.2336550081718718e-01 -6.0922127063522575e+00 3.3142379915572207e-01 7.8899297333626839e-01 5.1734742038516279e-01 -5.3220358349562957e+00 -8.3242882714112576e-01 5.0263440894905875e-01 -2.3328287267795789e-01 1.0785567032555990e+01 0.0000000000000000e+00 0.0000000000000000e+00 0.0000000000000000e+00 1.0000000000000000e+00</transform>
      </camera>
      <camera id="49" label="IMG_20170325_151313.jpg" sensor_id="0" enabled="1">
        <transform>-5.0025689400358420e-01 -3.4376623964916170e-01 7.9471240866074433e-01 -6.3765351735453235e+00 3.0879819384941526e-01 7.8663159028954166e-01 5.3465354822902378e-01 -5.5524496682527076e+00 -8.0894172563740685e-01 5.1286987982920307e-01 -2.8736348217327989e-01 1.1309827646591716e+01 0.0000000000000000e+00 0.0000000000000000e+00 0.0000000000000000e+00 1.0000000000000000e+00</transform>
      </camera>
      <camera id="50" label="IMG_20170325_151315.jpg" sensor_id="0" enabled="1">
        <transform>-4.8031047953085831e-01 -3.5263049196989754e-01 8.0309001947845504e-01 -6.1817454834204577e+00 3.1182497051213792e-01 7.8715044464214134e-01 5.3212720778473999e-01 -5.6563419922306251e+00 -8.1979694499183242e-01 5.0600979598496665e-01 -2.6811761476880114e-01 1.2010930641639463e+01 0.0000000000000000e+00 0.0000000000000000e+00 0.0000000000000000e+00 1.0000000000000000e+00</transform>
      </camera>
      <camera id="51" label="IMG_20170325_151317.jpg" sensor_id="0" enabled="1">
        <transform>-7.5722339425346896e-01 -2.2879551463784731e-01 6.1177229724535431e-01 -5.6190444488747087e+00 2.8481177555675696e-01 7.2723825967712885e-01 6.2450521708468398e-01 -7.1175970608211170e+00 -5.8778821330430153e-01 6.4712991442474943e-01 -4.8551816666027386e-01 1.3619618080536814e+01 0.0000000000000000e+00 0.0000000000000000e+00 0.0000000000000000e+00 1.0000000000000000e+00</transform>
      </camera>
      <camera id="52" label="IMG_20170325_151319.jpg" sensor_id="0" enabled="1">
        <transform>-8.6233610064729516e-01 -1.8110404950908138e-01 4.7284011332778259e-01 -4.1866643066980807e+00 2.2662463352068524e-01 6.9703817610300511e-01 6.8027866094462441e-01 -7.5105956190451089e+00 -4.5278883047402257e-01 6.9378606522933872e-01 -5.6003854393386032e-01 1.4456791003017614e+01 0.0000000000000000e+00 0.0000000000000000e+00 0.0000000000000000e+00 1.0000000000000000e+00</transform>
      </camera>
      <camera id="53" label="IMG_20170325_151320.jpg" sensor_id="0" enabled="1">
        <transform>-9.4081125210200578e-01 -1.3847248885524224e-01 3.0935345116628499e-01 -2.9596007601313197e+00 1.2964220669285062e-01 6.9629880717431225e-01 7.0594678933432320e-01 -8.0980512943806353e+00 -3.1315664796083198e-01 7.0426794684826177e-01 -6.3713387359335238e-01 1.5682616200304928e+01 0.0000000000000000e+00 0.0000000000000000e+00 0.0000000000000000e+00 1.0000000000000000e+00</transform>
      </camera>
      <camera id="54" label="IMG_20170325_151323.jpg" sensor_id="0" enabled="1">
        <transform>-9.8949209523412907e-01 -8.1739923479777099e-02 1.1926432148255191e-01 -1.3704426792917810e+00 2.9771517585628394e-02 6.9200336350497926e-01 7.2128011315885021e-01 -8.2181114512985634e+00 -1.4148869286915447e-01 7.1725165026461624e-01 -6.8229833649428073e-01 1.5785480528053597e+01 0.0000000000000000e+00 0.0000000000000000e+00 0.0000000000000000e+00 1.0000000000000000e+00</transform>
      </camera>
      <camera id="55" label="IMG_20170325_151324.jpg" sensor_id="0" enabled="1">
        <transform>-9.9898313248532733e-01 2.8171233135148004e-03 -4.4997386880121608e-02 1.6076548000669072e-02 -3.0393213974463817e-02 6.9509561373789941e-01 7.1827455774699112e-01 -8.4911423461219631e+00 3.3300954252173408e-02 7.1891178289034152e-01 -6.9430317215703763e-01 1.6275828441467766e+01 0.0000000000000000e+00 0.0000000000000000e+00 0.0000000000000000e+00 1.0000000000000000e+00</transform>
      </camera>
      <camera id="56" label="IMG_20170325_151328.jpg" sensor_id="0" enabled="1">
        <transform>-9.1257248499958443e-01 1.2666142917617454e-01 -3.8880373195319523e-01 3.7019765565798566e+00 -1.8274127896685247e-01 7.2426681269534177e-01 6.6486330097975077e-01 -8.3482687551189905e+00 3.6581017561467882e-01 6.7778644600433002e-01 -6.3779969350069254e-01 1.6142511849861936e+01 0.0000000000000000e+00 0.0000000000000000e+00 0.0000000000000000e+00 1.0000000000000000e+00</transform>
      </camera>
      <camera id="57" label="IMG_20170325_151330.jpg" sensor_id="0" enabled="1">
        <transform>-8.7012985687151312e-01 1.6303039481016049e-01 -4.6507539447793128e-01 4.4485929395239481e+00 -2.2848195711420580e-01 7.0269714759828705e-01 6.7380465569072245e-01 -8.4249868368827698e+00 4.3665779215997330e-01 6.9255888495150653e-01 -5.7418826478839113e-01 1.5760308710185656e+01 0.0000000000000000e+00 0.0000000000000000e+00 0.0000000000000000e+00 1.0000000000000000e+00</transform>
      </camera>
      <camera id="58" label="IMG_20170325_151332.jpg" sensor_id="0" enabled="1">
        <transform>-7.5258121649385568e-01 2.8788657977756599e-01 -5.9223545128994393e-01 5.0234855819356916e+00 -2.5420977038059650e-01 7.0263694516588648e-01 6.6458913317251544e-01 -7.5232139043381032e+00 6.0745280081967912e-01 6.5070933639523443e-01 -4.5560778560555909e-01 1.3895761500707378e+01 0.0000000000000000e+00 0.0000000000000000e+00 0.0000000000000000e+00 1.0000000000000000e+00</transform>
      </camera>
      <camera id="59" label="IMG_20170325_151339.jpg" sensor_id="0" enabled="1">
        <transform>-6.9848960764085422e-01 2.7126945190473412e-01 -6.6221231676935055e-01 6.0694624617934032e+00 -3.1191639941324828e-01 7.1743363001529858e-01 6.2289416942217912e-01 -7.0112051206973200e+00 6.4406554619448508e-01 6.4163998549527490e-01 -4.1650654402880977e-01 1.3366842251403728e+01 0.0000000000000000e+00 0.0000000000000000e+00 0.0000000000000000e+00 1.0000000000000000e+00</transform>
      </camera>
      <camera id="60" label="IMG_20170325_151341.jpg" sensor_id="0" enabled="1">
        <transform>-5.6794848216626970e-01 3.4083814274313812e-01 -7.4917546813576241e-01 6.7032504138328077e+00 -3.5801318566834534e-01 7.1730385009858189e-01 5.9774722544011405e-01 -6.4181067537545253e+00 7.4112150184206194e-01 6.0770432537967001e-01 -2.8536708363475771e-01 1.2042545407264710e+01 0.0000000000000000e+00 0.0000000000000000e+00 0.0000000000000000e+00 1.0000000000000000e+00</transform>
      </camera>
      <camera id="61" label="IMG_20170325_151343.jpg" sensor_id="0" enabled="1">
        <transform>-4.0922019957567096e-01 3.9366071315674445e-01 -8.2314644576537621e-01 7.1335853608361726e+00 -3.8128482434364352e-01 7.4582212256914882e-01 5.4623369011045686e-01 -5.7336995359162053e+00 8.2895157336510616e-01 5.3738310766470232e-01 -1.5510862197873482e-01 1.0432665509766323e+01 0.0000000000000000e+00 0.0000000000000000e+00 0.0000000000000000e+00 1.0000000000000000e+00</transform>
      </camera>
      <camera id="62" label="IMG_20170325_151346.jpg" sensor_id="0" enabled="1">
        <transform>-3.0266053862439563e-01 4.1140715274553125e-01 -8.5973295448610443e-01 7.2283571360438286e+00 -4.1504245049505245e-01 7.5512976252941977e-01 5.0746310804759420e-01 -5.5382415704379024e+00 8.5798389416506693e-01 5.1041472981495883e-01 -5.7796547831768519e-02 1.0077989137512809e+01 0.0000000000000000e+00 0.0000000000000000e+00 0.0000000000000000e+00 1.0000000000000000e+00</transform>
      </camera>
      <camera id="63" label="IMG_20170325_151349.jpg" sensor_id="0" enabled="1">
        <transform>-7.6704464067414990e-02 4.0539407545168660e-01 -9.1091825581706454e-01 8.0293174033307508e+00 -4.5011626162466900e-01 8.0113308752330625e-01 3.9443773538596327e-01 -4.8572220297974669e+00 8.8966947582411948e-01 4.4027425505478612e-01 1.2102398160195349e-01 8.4005693387806772e+00 0.0000000000000000e+00 0.0000000000000000e+00 0.0000000000000000e+00 1.0000000000000000e+00</transform>
      </camera>
      <camera id="64" label="IMG_20170325_151353.jpg" sensor_id="0" enabled="1">
        <transform>2.1306930474855937e-01 4.3298772405000280e-01 -8.7585564004347438e-01 8.5054271115705955e+00 -4.1662173544931952e-01 8.5111983667380342e-01 3.1940781639082599e-01 -4.0798691124289483e+00 8.8375777276647638e-01 2.9684449538833807e-01 3.6173960887975787e-01 6.3862770680115171e+00 0.0000000000000000e+00 0.0000000000000000e+00 0.0000000000000000e+00 1.0000000000000000e+00</transform>
      </camera>
      <camera id="65" label="IMG_20170325_151355.jpg" sensor_id="0" enabled="1">
        <transform>2.8051306390139102e-01 3.8730806561611930e-01 -8.7823965026031137e-01 8.6348019373691454e+00 -4.3963424239536264e-01 8.6520195378566356e-01 2.4113753768114607e-01 -3.7228697379502531e+00 8.5324917456397786e-01 3.1846199376718476e-01 4.1297433895064217e-01 5.7821436052804822e+00 0.0000000000000000e+00 0.0000000000000000e+00 0.0000000000000000e+00 1.0000000000000000e+00</transform>
      </camera>
      <camera id="66" label="IMG_20170325_151358.jpg" sensor_id="0" enabled="1">
        <transform>6.0430993770418762e-01 3.0876759541129412e-01 -7.3448762495762177e-01 6.7990446882257976e+00 -3.2448280774415478e-01 9.3731860613146889e-01 1.2706194583048852e-01 -3.1406413161717968e+00 7.2768152832845123e-01 1.6154381023018949e-01 6.6662072477975187e-01 3.7738574025462404e+00 0.0000000000000000e+00 0.0000000000000000e+00 0.0000000000000000e+00 1.0000000000000000e+00</transform>
      </camera>
      <camera id="67" label="IMG_20170325_151402.jpg" sensor_id="0" enabled="1">
        <transform>5.7541477889077730e-01 4.1994320651747480e-01 -7.0181588435564735e-01 6.9649618431497080e+00 -3.8734660217618583e-01 8.9569854949833494e-01 2.1837288799011317e-01 3.8129155195058728e-01 7.2031968043129402e-01 1.4619101109986354e-01 6.7806175696389048e-01 4.7175763803439663e+00 0.0000000000000000e+00 0.0000000000000000e+00 0.0000000000000000e+00 1.0000000000000000e+00</transform>
      </camera>
      <camera id="68" label="IMG_20170325_151404.jpg" sensor_id="0" enabled="1">
        <transform>3.1087572152240328e-01 4.9924984626272878e-01 -8.0876812299605816e-01 8.0506508132510728e+00 -4.3201289133467197e-01 8.3217280204158206e-01 3.4763959679950024e-01 -1.9059076211951999e-02 8.4659385037252788e-01 2.4132554475004067e-01 4.7438468984834881e-01 6.2263834737232626e+00 0.0000000000000000e+00 0.0000000000000000e+00 0.0000000000000000e+00 1.0000000000000000e+00</transform>
      </camera>
      <camera id="69" label="IMG_20170325_151408.jpg" sensor_id="0" enabled="1">
        <transform>1.6707176238109833e-01 4.9209127569634481e-01 -8.5436128341493678e-01 8.5626046543339474e+00 -4.4430239200217947e-01 8.1114459011399864e-01 3.8031544589976207e-01 -7.6730736815578737e-01 8.8016044598471677e-01 3.1605479004808190e-01 3.5415668709152937e-01 7.6181795986767780e+00 0.0000000000000000e+00 0.0000000000000000e+00 0.0000000000000000e+00 1.0000000000000000e+00</transform>
      </camera>
      <camera id="70" label="IMG_20170325_151410.jpg" sensor_id="0" enabled="1">
        <transform>9.3702463894176594e-02 4.9235918071491219e-01 -8.6533362665847047e-01 8.8064106545965988e+00 -3.9654711648967361e-01 8.1569646710414956e-01 4.2117651638895354e-01 -1.8126005001607994e+00 9.1321970667736141e-01 3.0368027713295725e-01 2.7167638214715051e-01 9.3063626775010757e+00 0.0000000000000000e+00 0.0000000000000000e+00 0.0000000000000000e+00 1.0000000000000000e+00</transform>
      </camera>
      <camera id="71" label="IMG_20170325_151413.jpg" sensor_id="0" enabled="1">
        <transform>6.2114993159881393e-01 4.0715958879142738e-01 -6.6962215594317409e-01 6.2961500746813011e+00 -3.4294543602559585e-01 9.0951062669130356e-01 2.3490178340065077e-01 -5.3151741817390130e-01 7.0467098023403985e-01 8.3734635550577766e-02 7.0457598626777596e-01 6.1912947977563633e+00 0.0000000000000000e+00 0.0000000000000000e+00 0.0000000000000000e+00 1.0000000000000000e+00</transform>
      </camera>
      <camera id="72" label="IMG_20170325_151415.jpg" sensor_id="0" enabled="1">
